
2002 01 01      1.00000          NaN          NaN          NaN          NaN          NaN          NaN          NaN          NaN     10.13200          NaN    -18.69100          NaN    382.99300          NaN          NaN      0.10000          NaN     99.00900
2002 01 02      2.00000          NaN          NaN          NaN          NaN          NaN          NaN          NaN          NaN     10.41100          NaN    -19.98600          NaN    382.01300          NaN          NaN      0.00000          NaN    100.56300
2002 01 03      3.00000          NaN          NaN          NaN          NaN          NaN          NaN          NaN          NaN     10.71300          NaN     -6.12500          NaN    380.64600          NaN          NaN      0.40000          NaN    100.28800
2002 01 04      4.00000          NaN          NaN          NaN          NaN          NaN          NaN          NaN          NaN      7.69300          NaN      0.63100          NaN    378.39700          NaN          NaN      0.00000          NaN     99.88700
2002 01 05      5.00000          NaN          NaN          NaN          NaN          NaN          NaN          NaN          NaN      4.81700          NaN     -0.91200          NaN    380.64600          NaN          NaN      0.00000          NaN     99.54400
2002 01 06      6.00000          NaN          NaN          NaN          NaN          NaN          NaN          NaN          NaN     13.82600          NaN     -2.77600          NaN    379.46300          NaN          NaN      0.60000          NaN     99.56500
2002 01 07      7.00000          NaN          NaN          NaN          NaN          NaN          NaN          NaN          NaN      5.62100          NaN     -5.01800          NaN    381.12500          NaN          NaN      3.00000          NaN    100.07600
2002 01 08      8.00000          NaN          NaN          NaN          NaN          NaN          NaN          NaN          NaN     12.28300          NaN      1.13800          NaN    379.42500          NaN          NaN      0.00000          NaN     99.50700
2002 01 09      9.00000          NaN          NaN          NaN          NaN          NaN          NaN          NaN          NaN     21.60100          NaN      0.04700          NaN    377.18700          NaN          NaN      0.00000          NaN     99.79200
2002 01 10     10.00000          NaN          NaN          NaN          NaN          NaN          NaN          NaN          NaN      9.11100          NaN     -0.74200          NaN    379.72300          NaN          NaN      0.00000          NaN     99.42200
2002 01 11     11.00000          NaN          NaN          NaN          NaN          NaN          NaN          NaN          NaN     14.93300          NaN      0.74800          NaN    381.85800          NaN          NaN      0.00000          NaN     99.17000
2002 01 12     12.00000          NaN          NaN          NaN          NaN          NaN          NaN          NaN          NaN      6.22800          NaN     -0.94700          NaN    385.47300          NaN          NaN      0.00000          NaN     99.45200
2002 01 13     13.00000          NaN          NaN          NaN          NaN          NaN          NaN          NaN          NaN      2.42200          NaN     -0.19800          NaN    386.88300          NaN          NaN      1.20000          NaN     99.47000
2002 01 14     14.00000          NaN          NaN          NaN          NaN          NaN          NaN          NaN          NaN      5.25600          NaN      1.62800          NaN    383.48300          NaN          NaN      2.40000          NaN     98.89600
2002 01 15     15.00000          NaN          NaN          NaN          NaN          NaN          NaN          NaN          NaN      4.72200          NaN      1.46900          NaN    387.77900          NaN          NaN      1.00000          NaN     98.93500
2002 01 16     16.00000          NaN          NaN          NaN          NaN          NaN          NaN          NaN          NaN      1.69100          NaN      0.91200          NaN    387.29600          NaN          NaN      2.10000          NaN     98.80400
2002 01 17     17.00000          NaN          NaN          NaN          NaN          NaN          NaN          NaN          NaN      5.20300          NaN      0.19700          NaN    385.11600          NaN          NaN      0.40000          NaN     98.66800
2002 01 18     18.00000          NaN          NaN          NaN          NaN          NaN          NaN          NaN          NaN      5.82400          NaN     -1.32700          NaN    382.70900          NaN          NaN      4.10000          NaN     99.01400
2002 01 19     19.00000          NaN          NaN          NaN          NaN          NaN          NaN          NaN          NaN      8.30800          NaN      0.08900          NaN    392.10900          NaN          NaN      3.40000          NaN     97.83600
2002 01 20     20.00000          NaN          NaN          NaN          NaN          NaN          NaN          NaN          NaN     14.04100          NaN     -5.67200          NaN    381.59600          NaN          NaN      0.90000          NaN     97.68900
2002 01 21     21.00000          NaN          NaN          NaN          NaN          NaN          NaN          NaN          NaN     16.82100          NaN     -7.51700          NaN    384.49800          NaN          NaN      6.90000          NaN     97.55000
2002 01 22     22.00000          NaN          NaN          NaN          NaN          NaN          NaN          NaN          NaN     14.34500          NaN     -9.42900          NaN    385.09400          NaN          NaN     14.60000          NaN     97.19300
2002 01 23     23.00000          NaN          NaN          NaN          NaN          NaN          NaN          NaN          NaN     53.66000          NaN     -8.78300          NaN    385.32300          NaN          NaN      0.50000          NaN     96.11000
2002 01 24     24.00000          NaN          NaN          NaN          NaN          NaN          NaN          NaN          NaN     13.68900          NaN    -14.94000          NaN    383.76600          NaN          NaN     19.60000          NaN     97.38000
2002 01 25     25.00000          NaN          NaN          NaN          NaN          NaN          NaN          NaN          NaN      9.32600          NaN     -9.81100          NaN    380.37600          NaN          NaN     19.50000          NaN     95.57900
2002 01 26     26.00000          NaN          NaN          NaN          NaN          NaN          NaN          NaN          NaN     10.43600          NaN    -12.93400          NaN    382.97500          NaN          NaN      0.10000          NaN     97.03500
2002 01 27     27.00000          NaN          NaN          NaN          NaN          NaN          NaN          NaN          NaN     12.52800          NaN    -13.48400          NaN    383.08800          NaN          NaN      0.20000          NaN     97.35000
2002 01 28     28.00000          NaN          NaN          NaN          NaN          NaN          NaN          NaN          NaN     14.86800          NaN     -7.79700          NaN    382.23100          NaN          NaN      4.80000          NaN     97.24600
2002 01 29     29.00000          NaN          NaN          NaN          NaN          NaN          NaN          NaN          NaN     12.02100          NaN     -7.63300          NaN    382.20300          NaN          NaN      0.00000          NaN     96.21000
2002 01 30     30.00000          NaN          NaN          NaN          NaN          NaN          NaN          NaN          NaN     29.49700          NaN     -9.74800          NaN    382.56500          NaN          NaN      0.00000          NaN     98.40700
2002 01 31     31.00000          NaN          NaN          NaN          NaN          NaN          NaN          NaN          NaN     26.07800          NaN    -10.76200          NaN    383.13800          NaN          NaN      0.10000          NaN     98.73500
2002 02 01     32.00000          NaN          NaN          NaN          NaN          NaN          NaN          NaN          NaN     37.13100          NaN    -15.74700          NaN    388.58400          NaN          NaN      1.30000          NaN     99.03800
2002 02 02     33.00000          NaN          NaN          NaN          NaN          NaN          NaN          NaN          NaN      6.95700          NaN     -5.53400          NaN    386.18000          NaN          NaN      6.00000          NaN     98.47400
2002 02 03     34.00000          NaN          NaN          NaN          NaN          NaN          NaN          NaN          NaN      9.79600          NaN      4.61800          NaN    378.39500          NaN          NaN      0.00000          NaN     98.65400
2002 02 04     35.00000          NaN          NaN          NaN          NaN          NaN          NaN          NaN          NaN     18.97400          NaN      1.92200          NaN    384.47300          NaN          NaN      3.10000          NaN     98.00900
2002 02 05     36.00000          NaN          NaN          NaN          NaN          NaN          NaN          NaN          NaN     41.95100          NaN      0.85700          NaN    379.78600          NaN          NaN      3.30000          NaN     97.49900
2002 02 06     37.00000          NaN          NaN          NaN          NaN          NaN          NaN          NaN          NaN     17.57800          NaN      1.69800          NaN    386.37300          NaN          NaN      0.70000          NaN     97.53200
2002 02 07     38.00000          NaN          NaN          NaN          NaN          NaN          NaN          NaN          NaN     20.03400          NaN      1.02400          NaN    386.83200          NaN          NaN      1.80000          NaN     97.99200
2002 02 08     39.00000          NaN          NaN          NaN          NaN          NaN          NaN          NaN          NaN     22.74600          NaN     -1.64800          NaN    380.51600          NaN          NaN      0.80000          NaN     97.83800
2002 02 09     40.00000          NaN          NaN          NaN          NaN          NaN          NaN          NaN          NaN     15.05800          NaN      0.18400          NaN    381.67300          NaN          NaN      4.40000          NaN     97.13900
2002 02 10     41.00000          NaN          NaN          NaN          NaN          NaN          NaN          NaN          NaN     18.53500          NaN      0.84100          NaN    379.73600          NaN          NaN      1.40000          NaN     95.66500
2002 02 11     42.00000          NaN          NaN          NaN          NaN          NaN          NaN          NaN          NaN     25.42200          NaN     -0.09500          NaN    378.75100          NaN          NaN      0.50000          NaN     96.19900
2002 02 12     43.00000          NaN          NaN          NaN          NaN          NaN          NaN          NaN          NaN     52.09700          NaN     -1.90200          NaN    379.70200          NaN          NaN      0.00000          NaN     96.14900
2002 02 13     44.00000          NaN          NaN          NaN          NaN          NaN          NaN          NaN          NaN     27.21700          NaN     -5.17300          NaN    385.52200          NaN          NaN      0.10000          NaN     97.73400
2002 02 14     45.00000          NaN          NaN          NaN          NaN          NaN          NaN          NaN          NaN     92.64900          NaN     -6.41100          NaN    378.80600          NaN          NaN      0.00000          NaN     99.32300
2002 02 15     46.00000          NaN          NaN          NaN          NaN          NaN          NaN          NaN          NaN     47.78900          NaN     -1.59200          NaN    379.61900          NaN          NaN      0.20000          NaN     98.92900
2002 02 16     47.00000          NaN          NaN          NaN          NaN          NaN          NaN          NaN          NaN     71.33300          NaN      3.61600          NaN    377.68000          NaN          NaN      0.00000          NaN     98.51100
2002 02 17     48.00000          NaN          NaN          NaN          NaN          NaN          NaN          NaN          NaN     99.95500          NaN      2.56500          NaN    377.41900          NaN          NaN      0.00000          NaN     98.04000
2002 02 18     49.00000          NaN          NaN          NaN          NaN          NaN          NaN          NaN          NaN     58.48100          NaN     -1.24900          NaN    380.27400          NaN          NaN      4.70000          NaN     97.95700
2002 02 19     50.00000          NaN          NaN          NaN          NaN          NaN          NaN          NaN          NaN     64.64100          NaN     -0.72100          NaN    377.62600          NaN          NaN      2.00000          NaN     96.35700
2002 02 20     51.00000          NaN          NaN          NaN          NaN          NaN          NaN          NaN          NaN    111.45700          NaN    -10.30500          NaN    379.84500          NaN          NaN      0.00000          NaN     97.10400
2002 02 21     52.00000          NaN          NaN          NaN          NaN          NaN          NaN          NaN          NaN    115.06200          NaN     -9.24100          NaN    381.54700          NaN          NaN      0.00000          NaN     97.84700
2002 02 22     53.00000          NaN          NaN          NaN          NaN          NaN          NaN          NaN          NaN     65.08600          NaN     -4.37500          NaN    379.96900          NaN          NaN      1.10000          NaN     96.84800
2002 02 23     54.00000          NaN          NaN          NaN          NaN          NaN          NaN          NaN          NaN     18.65500          NaN     -2.48200          NaN    379.69900          NaN          NaN      3.30000          NaN     95.09900
2002 02 24     55.00000          NaN          NaN          NaN          NaN          NaN          NaN          NaN          NaN    111.73200          NaN     -3.94400          NaN    380.66800          NaN          NaN      0.00000          NaN     96.21100
2002 02 25     56.00000          NaN          NaN          NaN          NaN          NaN          NaN          NaN          NaN     51.16000          NaN     -4.23100          NaN    381.98000          NaN          NaN      0.20000          NaN     96.62300
2002 02 26     57.00000          NaN          NaN          NaN          NaN          NaN          NaN          NaN          NaN     80.63400          NaN     -3.13900          NaN    381.30300          NaN          NaN      1.40000          NaN     97.26200
2002 02 27     58.00000          NaN          NaN          NaN          NaN          NaN          NaN          NaN          NaN     52.77300          NaN     -2.74000          NaN    380.92800          NaN          NaN      4.40000          NaN     95.91700
2002 02 28     59.00000          NaN          NaN          NaN          NaN          NaN          NaN          NaN          NaN     55.91500          NaN     -3.13800          NaN    382.77000          NaN          NaN      2.30000          NaN     95.95200
2002 03 01     60.00000          NaN          NaN          NaN          NaN          NaN          NaN          NaN          NaN    151.41200          NaN     -5.89900          NaN    380.74800          NaN          NaN      0.00000          NaN     97.29300
2002 03 02     61.00000          NaN          NaN          NaN          NaN          NaN          NaN          NaN          NaN     90.22200          NaN     -5.61200          NaN    381.92600          NaN          NaN      6.00000          NaN     97.52800
2002 03 03     62.00000          NaN          NaN          NaN          NaN          NaN          NaN          NaN          NaN    142.66200          NaN     -5.02600          NaN    380.71200          NaN          NaN      1.40000          NaN     97.21600
2002 03 04     63.00000          NaN          NaN          NaN          NaN          NaN          NaN          NaN          NaN    101.23000          NaN     -3.00100          NaN    379.97200          NaN          NaN      1.60000          NaN     97.31100
2002 03 05     64.00000          NaN          NaN          NaN          NaN          NaN          NaN          NaN          NaN    180.23800          NaN      0.01100          NaN    378.72900          NaN          NaN      2.60000          NaN     96.66500
2002 03 06     65.00000          NaN          NaN          NaN          NaN          NaN          NaN          NaN          NaN    117.78500          NaN     -0.54900          NaN    377.56000          NaN          NaN      0.00000          NaN     95.76000
2002 03 07     66.00000          NaN          NaN          NaN          NaN          NaN          NaN          NaN          NaN    189.70900          NaN     -8.17700          NaN    381.44900          NaN          NaN      0.00000          NaN     95.63100
2002 03 08     67.00000          NaN          NaN          NaN          NaN          NaN          NaN          NaN          NaN    219.51500          NaN     -8.06700          NaN    380.74300          NaN          NaN      3.00000          NaN     97.70200
2002 03 09     68.00000          NaN          NaN          NaN          NaN          NaN          NaN          NaN          NaN     47.50200          NaN     -3.12300          NaN    380.28500          NaN          NaN     12.50000          NaN     96.34700
2002 03 10     69.00000          NaN          NaN          NaN          NaN          NaN          NaN          NaN          NaN    152.01100          NaN     -4.62200          NaN    379.83000          NaN          NaN      0.00000          NaN     96.88000
2002 03 11     70.00000          NaN          NaN          NaN          NaN          NaN          NaN          NaN          NaN    125.36900          NaN     -5.94100          NaN    381.40200          NaN          NaN      0.40000          NaN     98.12900
2002 03 12     71.00000          NaN          NaN          NaN          NaN          NaN          NaN          NaN          NaN     85.63200          NaN     -0.48400          NaN    381.51500          NaN          NaN      0.10000          NaN     98.38700
2002 03 13     72.00000          NaN          NaN      0.87900          NaN     -3.73300      1.00000      0.00000      0.00000     77.15600    -77.67300     -2.52800      0.05300    382.85900      0.34300          NaN      0.10000      1.50000     99.03300
2002 03 14     73.00000      0.63200      0.24200      0.87400      0.10600     12.82500      0.51000      0.63300      0.63300    172.49400     -4.33900     -5.16600      0.09400    383.96400      0.34000          NaN      0.00000      1.06000    100.23700
2002 03 15     74.00000      0.68700      0.18900      0.87600      0.11700      3.89800      0.57100      0.51000      0.51000    260.27500     13.70700     -1.42400      0.16200    383.52800      0.35600      0.20000      0.00000      1.35700    100.84300
2002 03 16     75.00000      0.71900      0.14200      0.86100      0.14400      2.09700      0.61200      0.46900      0.46900    263.09700      5.92900      1.11200      0.21600    382.97900      0.36400      0.61000      0.00000      1.64300    100.73500
2002 03 17     76.00000      0.80800      0.05400      0.86200      0.31200    -11.53700      0.20400      0.10200      0.10200    193.37900      3.45100      1.12700      0.25100    383.81800      0.34600      0.20000      0.00000      2.31700     99.56900
2002 03 18     77.00000      0.82200      0.06200      0.88400      0.07800     -1.75800      0.00000      0.00000      0.00000    108.56600     16.00200      3.15800      0.10700    382.95000      0.35800      1.81000      1.80000      2.71300     98.48000
2002 03 19     78.00000      0.77700      0.11100      0.88800      0.00100    -21.84800      0.00000      0.00000      0.00000     83.71200     27.91100      6.24400      0.06300    386.58200      0.36200      0.61000      0.00000      2.50300     97.74900
2002 03 20     79.00000      0.77000      0.12800      0.89800      0.10500    -22.46700      0.00000      0.00000      0.00000     90.96800     25.11300      4.90900      0.22400    383.61700      0.36300      1.60000      1.80000      2.52600     97.52600
2002 03 21     80.00000      0.65600      0.26000      0.91700      0.06100     -9.03900      0.32700      0.18400      0.18400    106.19500     49.57800      3.05200      0.11500    381.65800      0.35300      0.61000      1.00000      1.70900     98.09400
2002 03 22     81.00000      0.73500      0.25300      0.98800      0.04900    -19.50700      1.00000      0.98000      0.98000     75.05300     18.42100      1.12900      0.06500    384.42200      0.36900      1.80000      1.30000      1.44900     99.15000
2002 03 23     82.00000      0.58900      0.45800      1.04700      0.20700      2.44500      1.00000      1.00000      1.00000    289.32400     94.38300     -0.75400          NaN    380.87100      0.36900      0.00000      0.00000          NaN    100.87100
2002 03 24     83.00000      0.55100      0.54900      1.10000      0.23100      7.30100      1.00000      1.00000      1.00000    307.16900     22.99500     -2.45800          NaN    381.58200      0.37400      0.00000      0.00000          NaN    101.47100
2002 03 25     84.00000      0.35900      0.76800      1.12800      0.17700    -11.82400      1.00000      1.00000      1.00000    254.43700     28.55200     -0.77000          NaN    382.03600      0.35800      0.00000      0.00000          NaN    100.61400
2002 03 26     85.00000      0.45600      0.72300      1.18000      0.11700    -22.50600      1.00000      1.00000      1.00000    217.14300     41.40100      2.55100          NaN    381.12500      0.36800      0.00000      0.00000          NaN    100.01600
2002 03 27     86.00000      0.42500      0.80700      1.23200      0.19100     -8.48600      1.00000      1.00000      1.00000    279.55300     41.54300      4.04800          NaN    381.61800      0.37100      0.00000      0.00000          NaN    100.06500
2002 03 28     87.00000      0.59800      0.68100      1.27900      0.12300    -15.95900      0.67300      0.61200      0.61200    199.50900     17.57100      4.12400      0.33800    381.19300      0.37900      0.00000      0.00000      2.17700     99.57200
2002 03 29     88.00000      0.38600      0.85300      1.23900      0.09700    -27.27500      0.18400      0.04100      0.04100    245.51900     29.26700      7.50400      0.40300    380.39200      0.37700      0.00000      0.00000      2.19500     99.37900
2002 03 30     89.00000      0.29800      0.90300      1.20100      0.29000     12.98900      0.57100      0.55100      0.55100    323.64900     47.22600      4.46400      0.33100    379.78700      0.38200      0.00000      0.00000      1.09400     99.76500
2002 03 31     90.00000      0.59700      0.55100      1.14800      0.24700     16.53400      0.65300      0.81600      0.81600    300.86100     56.26600      3.58000      0.33700    381.07600      0.37800      0.00000      0.00000      0.74800     99.50500
2002 04 01     91.00000      0.30900      0.79000      1.09900      0.24300      6.14400      0.42900      0.28600      0.28600    274.99300     58.28400      3.97700      0.26200    382.66100      0.37400      0.00000      0.00000      1.72500     99.91700
2002 04 02     92.00000      0.34400      0.73800      1.08200      0.62900     25.58500      0.28600      0.20400      0.20400    345.58300     52.71900      3.02200      0.34900    381.65000      0.37600      0.00000      0.00000      1.56700    100.99400
2002 04 03     93.00000      0.66800      0.31300      0.98100      0.29100     -2.83100      0.02000      0.00000      0.00000     52.27700     -2.11700      1.59600      0.20400    383.82200      0.37900      0.00000      1.90000      1.78100    100.86500
2002 04 04     94.00000      0.44800      0.57100      1.01900      0.47400     22.05300      0.20400      0.14300      0.14300    337.84800     49.47600      1.67900      0.25300    381.98500      0.36900      0.40000      0.00000      1.90100    100.80600
2002 04 05     95.00000      0.61500      0.32800      0.94300      0.59800     12.53900      0.49000      0.40800      0.40800    375.22800     50.16200      0.05500      0.36600    382.44300      0.37700      0.00000      0.00000      1.84100    100.58500
2002 04 06     96.00000      0.47400      0.44900      0.92200      0.54400     17.58700      0.34700      0.38800      0.38800    339.25500     50.75700      1.23600      0.35800    383.42600      0.37000      0.00000      0.00000      1.41600     99.98800
2002 04 07     97.00000      0.41400      0.53500      0.94900      0.37800      8.46000      0.98000      0.93900      0.93900    239.41700     44.38800      1.59000      0.11400    385.80900      0.36600          NaN      0.00000      1.48000    100.62500
2002 04 08     98.00000      0.42000      0.55300      0.97300      0.27500     13.05100      0.67300      0.79600      0.79600    201.77200     32.56400      3.17400      0.33700    383.47800      0.34700      0.00000      0.00000      0.56700    100.97900
2002 04 09     99.00000      0.22600      0.77500      1.00100      0.64100     39.82400      0.59200      0.65300      0.65300    368.94300     66.13500      3.32000      0.46300    384.63600      0.36300      0.00000      0.00000      0.85900    100.96700
2002 04 10    100.00000      0.22800      0.78500      1.01300      0.70300     26.65700      0.63300      0.63300      0.63300    366.33700     71.67400      4.79700      0.58100    382.89400      0.37600      0.00000      0.00000      1.16900    100.65100
2002 04 11    101.00000      0.17600      0.86100      1.03600      0.80600     22.89500      0.46900      0.36700      0.36700    392.15500     75.82100      6.82300      0.58900    381.84900      0.38400      0.00000      0.00000      1.89400    100.11500
2002 04 12    102.00000      0.13300      0.91000      1.04300      0.46100     -1.51400      0.65300      0.63300      0.63300    186.72000     32.13800      7.82800      0.60100    384.46600      0.38300      0.00000      0.00000      1.31100     99.65000
2002 04 13    103.00000     -0.13900      1.24700      1.10800      0.67500     -1.32900      0.28600      0.20400      0.20400    221.99100     49.85100      9.66500      0.63000    384.31400      0.39000      0.00000      0.00000      1.76300     99.10900
2002 04 14    104.00000      0.09400      1.04700      1.14100      0.19200     -5.27800      0.44900      0.34700      0.34700    117.20800     20.62200      5.17000      0.26800    382.07600      0.39400      0.00000      0.00000      1.63100     99.34300
2002 04 15    105.00000     -0.07900      1.26400      1.18400      0.55000     32.55800      0.38800      0.30600      0.30600    360.36300     70.78800      1.27400      0.21700    380.33400      0.38900      0.00000      0.00000      2.00100     99.75100
2002 04 16    106.00000     -0.05200      1.19400      1.14300      0.33700     17.55800      0.34700      0.18400      0.18400    196.58500     54.24100      2.08300      0.21900    380.67300      0.37700      0.00000      0.00000      1.75800     99.96000
2002 04 17    107.00000     -0.41700      1.61500      1.19700      0.63300     32.04500      0.26500      0.18400      0.18400    365.77100     89.81400      3.96900      0.33200    380.24300      0.38000      0.00000      0.00000      1.90300     99.86800
2002 04 18    108.00000     -0.07600      1.35900      1.28300      0.60100     47.14300      0.51000      0.55100      0.55100    422.31700     95.35100      2.68800      0.31200    381.89500      0.37800      0.00000      0.00000      1.06800     99.78000
2002 04 19    109.00000     -0.10600      1.40500      1.29900      0.69000     41.70600      0.55100      0.57100      0.57100    370.62200     93.08300      3.69900      0.41300    381.72400      0.37700      0.00000      0.00000      1.01800    100.04000
2002 04 20    110.00000     -0.22300      1.59600      1.37400      0.95000     47.28400      0.57100      0.42900      0.42900    384.89600     91.94300      6.58800      0.54200    379.71000      0.37400      0.00000      0.00000      1.58100    100.62600
2002 04 21    111.00000     -0.66100      2.12700      1.46600      0.88900     25.74200      0.49000      0.42900      0.42900    314.38500     62.55200      8.13400      0.54900    379.21900      0.36800      0.00000      0.00000      1.54800    100.93000
2002 04 22    112.00000     -0.29600      1.88100      1.58500      1.43400     50.82700      0.32700      0.32700      0.32700    457.99000    106.27800     11.68000      0.77100    380.56400      0.37700      0.00000      0.00000      2.02900    100.23300
2002 04 23    113.00000     -0.20000      1.92700      1.72700      0.69300     16.95500      0.14300      0.04100      0.04100    219.43600     47.01600     10.21800      0.37700    380.54700      0.37600      0.00000      0.00000      2.52500     99.30500
2002 04 24    114.00000     -0.62600      2.46200      1.83600      1.21600     55.60500      0.38800      0.28600      0.28600    484.79600    130.86800     10.51200      0.51100    378.93400      0.37700      0.00000      0.00000      1.91700     99.49800
2002 04 25    115.00000     -0.32900      2.22500      1.89500      0.75100     29.37000      0.53100      0.69400      0.69400    242.47800     69.45200     10.53600      0.44200    378.62900      0.37000      0.00000      0.00000      0.90000     99.48300
2002 04 26    116.00000     -0.32400      2.32800      2.00300      0.85600     17.22400      0.34700      0.30600      0.30600    227.95800     50.15000     11.39300      0.44000    379.73800      0.37300      0.00000      0.00000      1.89500     98.95100
2002 04 27    117.00000     -0.59000      2.68200      2.09200      1.84400     26.44500      0.10200      0.06100      0.06100    375.26600     86.36500     14.00500      0.86900    380.75900      0.37500      0.00000      0.00000      2.46300     98.49400
2002 04 28    118.00000     -0.75200      2.86200      2.10900      0.79600     26.75900      0.28600      0.26500      0.24500    269.73000     52.69800     10.19000      0.50900    378.72500      0.36100      0.40000      0.30000      2.28500     98.56600
2002 04 29    119.00000     -1.32600      3.40400      2.07700      1.14600     52.13100      0.77600      0.75500      0.69400    369.78400     86.36300      7.82100      0.51400    376.34800      0.35600      0.00000      0.00000      0.90200     99.00500
2002 04 30    120.00000     -0.40800      2.41700      2.00900      0.88700     40.65600      0.46900      0.42900      0.42900    293.46000     74.86800      9.90300      0.31800    378.82900      0.35900      0.20000      0.10000      1.70100     99.03900
2002 05 01    121.00000     -1.28200      3.39400      2.11200      1.32900     48.04800      0.53100      0.42900      0.42900    350.63500     83.89800     11.77100      0.51500    377.64700      0.35700      0.00000      0.00000      1.05200     99.43300
2002 05 02    122.00000      0.13100      1.94600      2.07600      0.55800     15.97200      0.51000      0.46900      0.46900    194.66600     46.85100     11.46100      0.26200    380.26100      0.36000      6.48000      6.20000      1.62000     99.52100
2002 05 03    123.00000     -0.61500      2.82200      2.20700      1.93600     23.09300      0.42900      0.34700      0.34700    324.73300    151.79400     16.90200      0.66500    380.05800      0.37300      0.00000      1.20000      1.82600     99.43400
2002 05 04    124.00000      1.88200      0.41400      2.29500      0.04300     -0.21400      0.36700      0.30600      0.30600     50.54900     10.86000     12.20400      0.05300    387.58400      0.34200     12.97000     15.40000      1.46700     99.52300
2002 05 05    125.00000      0.66500      1.50400      2.17000      0.60000     12.39400      0.44900      0.42900      0.42900    175.53800     66.91100     10.73600      0.16300    380.64600      0.36500     10.34000      6.80000      1.06200    100.04500
2002 05 06    126.00000     -0.99600      3.09300      2.09700      2.01800     48.24700      0.46900      0.40800      0.40800    538.17700    138.31800     10.80100      0.66500    378.11200      0.39500      0.00000      0.10000      1.35900    100.77700
2002 05 07    127.00000     -1.01800      3.06700      2.04900      1.96900     63.93700      0.49000      0.46900      0.46900    551.53300    141.33800     11.25900      0.80300    378.19200      0.35300      0.00000      0.10000      1.03900    100.87200
2002 05 08    128.00000     -1.02100      3.12400      2.10400      2.42100     63.36400      0.32700      0.28600      0.28600    555.39500    141.64700     13.63900      1.00800    377.95300      0.37100      0.00000      0.00000      2.06200    100.21900
2002 05 09    129.00000     -1.22700      3.31200      2.08500      1.72700     53.24800      0.30600      0.16300      0.16300    556.07600    134.97500     10.50100      0.69000    378.45000      0.36700      0.00000      0.00000      2.05500    100.22700
2002 05 10    130.00000     -1.13400      3.12500      1.99100      1.65900     76.19400      0.46900      0.38800      0.38800    566.83900    142.14700      9.81700      0.75600    377.34000      0.36300      0.00000      0.00000      0.91600    100.61800
2002 05 11    131.00000     -2.22500      4.25000      2.02400      2.08000     54.53700      0.36700      0.28600      0.28600    492.92900    115.41200     12.35900      0.89900    376.95200      0.35900      0.00000      0.00000      1.94100    100.24300
2002 05 12    132.00000     -1.26800      3.30900      2.04100      2.33600     70.94100      0.34700      0.30600      0.30600    561.45200    142.13300     15.87300      1.16700    374.34100      0.35900      0.00000      0.00000      1.94800     99.61400
2002 05 13    133.00000     -0.45900      2.57300      2.11400      1.47900     28.72300      0.46900      0.30600      0.30600    326.09300     74.97300     17.44200      0.64500    376.12000      0.35500      5.27000      5.30000      1.45600     99.30900
2002 05 14    134.00000      0.37000      1.80100      2.17100      0.46500     11.87700      0.53100      0.36700      0.36700    173.21900     39.59000     15.82800      0.18400    378.70000      0.35600      0.20000      0.00000      0.81900     99.38200
2002 05 15    135.00000     -1.02600      3.23100      2.20500      1.42800     41.27900      0.53100      0.49000      0.49000    344.44100     96.11600     17.07400      0.57100    378.55400      0.35600      0.00000      0.30000      1.12100     98.98100
2002 05 16    136.00000      0.03700      2.28600      2.32300      0.63600     10.21100      0.24500      0.18400      0.18400    152.46600     52.43600     12.39400      0.21800    378.74300      0.34800      2.01000      5.20000      1.71500     98.25100
2002 05 17    137.00000      0.15000      1.86100      2.01100      0.09800     -6.59400      0.00000      0.00000      0.00000    128.59000     45.66000      6.20600      0.09200    375.69200      0.35700      9.52000      6.30000      2.66300     97.98100
2002 05 18    138.00000     -2.11300      3.81500      1.70200      1.63300     29.70300      0.00000      0.00000      0.00000    415.69600    139.78500      5.81500      0.36800    375.95700      0.35100      0.20000      0.20000      2.44300     98.68400
2002 05 19    139.00000     -1.85300      3.52800      1.67500      1.49100     54.05800      0.20400      0.12200      0.12200    500.37900    136.00500      5.81600      0.47200    376.80300      0.33200      0.00000      0.00000      2.17700     99.50000
2002 05 20    140.00000     -1.66500      3.64200      1.97700      1.79400     78.84500      0.36700      0.24500      0.24500    573.96400    154.01300      9.16700      0.68200    375.73900      0.34900      0.00000      0.00000      1.51200     99.77800
2002 05 21    141.00000     -1.45700      3.72400      2.26600      2.13800     73.19000      0.18400      0.04100      0.04100    594.33700    163.05500     15.66300      0.81400    375.27700      0.35000      0.00000      0.00000      2.34600     99.48000
2002 05 22    142.00000     -0.94700      3.38300      2.43600      2.01700     75.26200      0.51000      0.40800      0.40800    603.21700    162.93300     16.36000      1.14800    377.07500      0.33700      0.00000      0.00000      0.81500     99.59900
2002 05 23    143.00000     -1.06200      3.72700      2.66500      1.89800     55.25600      0.24500      0.24500      0.24500    511.55400    154.70100     15.50500      0.90700    373.86900      0.33100      0.00000      0.20000      1.35400     99.22300
2002 05 24    144.00000     -1.90700      4.46800      2.56100      1.53900     56.65400      0.14300      0.12200      0.12200    329.08500     82.28300      7.82100      0.39600    375.15400      0.30900      0.20000      0.20000      1.75900     99.20300
2002 05 25    145.00000     -1.97500      4.52900      2.55400      1.78900     95.08500      0.42900      0.40800      0.40800    593.58700    156.23400      9.28500      0.62800    374.70100      0.33600      0.00000      0.00000      1.03300     99.60700
2002 05 26    146.00000     -1.87300      4.44400      2.57100      1.52100     48.82300      0.49000      0.38800      0.38800    389.24100    110.28400     12.01300      0.69600    372.09900      0.32200      0.00000      0.00000      0.89800     99.76500
2002 05 27    147.00000     -1.78200      4.57300      2.79200      2.52200     81.41600      0.32700      0.22400      0.22400    602.50300    157.10400     15.86500      1.07900    369.46200      0.32000      0.00000      0.00000      1.47100     99.87900
2002 05 28    148.00000     -1.95700      4.82900      2.87300      2.20900     74.10400      0.34700      0.22400      0.22400    626.33700    161.13500     15.00700      1.12900    375.90700      0.30300      0.00000      0.00000      1.81100    100.07200
2002 05 29    149.00000     -1.78400      4.68200      2.89800      2.45400     86.61400      0.40800      0.38800      0.38800    632.66700    164.45300     16.35900      1.31500    375.21100      0.29600      0.00000      0.00000      1.14900     99.91800
2002 05 30    150.00000     -1.47900      4.49900      3.02000      2.37400     70.70100      0.53100      0.36700      0.36700    627.59000    170.72200     18.67700      1.54200    372.51000      0.30100          NaN      0.00000      1.00100     99.70900
2002 05 31    151.00000     -2.06500      5.34100      3.27600      2.74000     71.90300      0.42900      0.34700      0.34700    601.34400    174.91700     18.05000      1.23200    370.50400      0.29200      0.00000      0.00000      1.43400     99.60800
2002 06 01    152.00000     -2.48400      5.87300      3.38900      2.79200     72.99300      0.34700      0.20400      0.20400    610.43600    172.73100     17.52400      1.13800    373.37800      0.28200      0.00000      0.00000      1.47200     99.69500
2002 06 02    153.00000     -1.91000      5.39300      3.48300      2.16100     53.87600      0.32700      0.16300      0.16300    548.16500    149.06200     18.10700      1.08900    373.50300      0.27500      0.00000      0.00000      1.35800     99.77700
2002 06 03    154.00000     -1.49800      5.10600      3.60800      1.98300     50.53500      0.36700      0.26500      0.26500    543.49000    146.17700     18.42400      1.13300    372.28300      0.26700      0.00000      0.00000      1.55400     99.73400
2002 06 04    155.00000     -3.19800      6.85300      3.65600      2.19300     60.01800      0.40800      0.36700      0.36700    723.35100    214.56500     18.05900      1.08800    372.21600      0.25700      0.00000      1.30000      1.28300     99.73600
2002 06 05    156.00000     -1.77600      5.57200      3.79600      2.53900     52.40900      1.00000      0.71400      0.71400    604.03800    128.64800     18.60900      1.38500    372.99400      0.25900      1.41000      0.00000      1.09300    100.08900
2002 06 06    157.00000     -2.23100      6.10300      3.87200      2.65900     68.80800      1.00000      0.40800      0.40800    598.85300    169.28800     20.44900      1.30800    372.37200      0.24300      0.00000      0.00000      1.89300    100.01700
2002 06 07    158.00000     -2.04200      6.20700      4.16500      2.31800     11.05000      0.24500      0.08200      0.08200    325.43300     85.40300     19.06900      1.03700    367.25100      0.22800      0.20000      0.30000      1.74800     99.74500
2002 06 08    159.00000     -2.17500      6.35800      4.18300      2.45800     63.71000      0.40800      0.38800      0.38800    562.31700    158.31800     20.19600      1.11300    369.71400      0.22000      0.00000      0.00000      1.20500     99.51000
2002 06 09    160.00000     -2.00600      6.12000      4.11400      1.53100     38.48700      0.42900      0.38800      0.38800    356.13000    110.85300     16.95000      0.42900    370.76800      0.22100      1.01000      1.10000      1.22700     99.42600
2002 06 10    161.00000     -2.10700      6.38100      4.27400      3.09300     69.20500      0.42900      0.36700      0.36700    586.11400    159.71700     19.63400      1.22400    368.73600      0.20400      0.00000      0.00000      1.36800     99.61000
2002 06 11    162.00000     -1.76300      6.05900      4.29600      2.85600     63.63000      0.51000      0.40800      0.40800    552.69400    151.11100     21.03400      1.40000    366.10100      0.21100      0.00000      0.00000      1.19800     99.60300
2002 06 12    163.00000     -1.72500      6.14600      4.42100      1.49700     24.33900      0.44900      0.38800      0.38800    323.98700     83.06900     18.49100      0.54200    370.79300      0.21000      6.70000      5.60000      1.28300     99.30900
2002 06 13    164.00000     -2.56500      7.09700      4.53200      2.39700     42.18700      0.46900      0.32700      0.32700    471.30900    172.38900     17.27500      0.55700    374.25300      0.20900      0.00000      0.30000      1.26400     98.82700
2002 06 14    165.00000      0.65400      3.86700      4.52100      0.70400     -4.92700      0.12200      0.02000      0.02000    163.56300     73.39600     16.35300      0.26300    370.85200      0.20000      4.05000      4.00000      2.36100     97.83500
2002 06 15    166.00000     -1.81200      6.12100      4.31000      1.89800     42.64700      0.20400      0.14300      0.14300    428.78900    128.07600     15.20700      0.52400    366.87800      0.19700      0.00000      0.00000      1.41600     98.44300
2002 06 16    167.00000     -1.94400      6.44700      4.50300      2.00400     48.75300      0.55100      0.46900      0.46900    429.46900    126.94000     16.65400      0.47500    364.44000      0.18900      4.05000      2.20000      0.82000     98.35200
2002 06 17    168.00000     -2.99300      7.72300      4.73000      2.32500     40.24700      0.40800      0.22400      0.22400    455.12700    135.20800     17.23000      0.49100    369.75400      0.19400      1.61000      1.40000      1.18100     98.73700
2002 06 18    169.00000     -1.90200      6.66800      4.76700      1.62000     19.46900      0.36700      0.32700      0.32700    303.93600     77.17600     18.05900      0.50600    372.05000      0.19300          NaN      0.00000      1.35800     99.34600
2002 06 19    170.00000     -2.60700      7.53000      4.92300      2.79700     48.77400      0.24500      0.12200      0.12200    484.66700    139.59700     21.15400      0.91300    376.33900      0.18300      0.20000      0.00000      2.56900     98.96400
2002 06 20    171.00000     -3.06500      8.10500      5.04100      2.88400     63.25100      0.34700      0.26500      0.26500    602.23800    159.02200     18.99600      1.08300    371.84000      0.17700      0.00000      0.00000      1.83600     99.57000
2002 06 21    172.00000      1.61100      3.06500      4.67600      0.21600     -5.24000      0.65300      0.53100      0.53100     76.89400      6.23800     12.89600      0.28500    380.65900      0.20100     37.12000     37.30000      1.20500     98.82100
2002 06 22    173.00000     -2.35100      7.21200      4.86200      1.98200     35.38300      1.00000      1.00000      1.00000    389.61700    102.79100     13.37000          NaN    368.32300      0.25200      1.41000      1.20000          NaN     98.85000
2002 06 23    174.00000     -1.98800      6.90000      4.91200      2.05500     40.46600      1.00000      1.00000      1.00000    424.74700    116.16700     12.92300          NaN    369.88400      0.25400      0.40000      0.50000          NaN     98.62300
2002 06 24    175.00000     -1.87900      6.96700      5.08700      1.93700     36.51000      0.73500      0.49000      0.49000    345.55300     68.48700     14.94800      0.47400    370.03700      0.25100      2.63000      2.20000      1.02700     98.40800
2002 06 25    176.00000     -2.33400      7.34900      5.01500      2.38400     39.99400      0.42900      0.38800      0.38800    475.88300    128.77500     15.26200      0.64900    370.67800      0.24800      0.00000      0.80000      1.08900     99.00700
2002 06 26    177.00000     -0.58400      5.57700      4.99400      1.19200     18.89900      0.28600      0.24500      0.24500    258.99800     57.35400     13.55100      0.15600    375.00000      0.24300     14.18000     14.00000      1.15800     98.65300
2002 06 27    178.00000     -1.57600      6.89600      5.32000      1.79200     23.60500      0.46900      0.36700      0.36700    341.06200     98.23600     14.45600      0.31600    369.44300      0.26100      4.44000     10.50000      1.63800     98.54600
2002 06 28    179.00000     -0.78000      6.04300      5.26300      1.49500     17.22300      0.22400      0.10200      0.10200    298.56700     72.55200     15.30200      0.26300    371.01200      0.27000      8.49000      2.40000      1.44400     98.04800
2002 06 29    180.00000     -2.44700      7.58100      5.13500      2.03700     34.20300      0.40800      0.24500      0.24500    401.91600     86.48000     14.13600      0.35600    371.77400      0.26800      2.43000      1.30000      1.38500     98.21900
2002 06 30    181.00000     -2.64500      7.87700      5.23100      1.89600     37.12300      0.24500      0.22400      0.22400    385.90300    101.05300     15.19300      0.34500    371.31700      0.26900      0.00000      0.80000      1.48800     98.11100
2002 07 01    182.00000     -1.95000      7.07700      5.12600      1.57600     20.10300      0.10200      0.00000      0.00000    315.08600     41.66600     14.62500      0.28700    370.14500      0.27000      3.24000      2.50000      1.82100     98.07500
2002 07 02    183.00000     -1.59800      6.93100      5.33400      1.14500     18.02900      0.20400      0.08200      0.08200    276.90800     54.89600     15.55000      0.22800    372.53900      0.25800      3.64000     10.70000      1.85200     98.45100
2002 07 03    184.00000     -1.75800      7.27800      5.51900      2.03600     15.26100      0.00000      0.00000      0.00000    319.84600     71.27400     17.81300      0.40600    370.84600      0.27200     12.15000      4.70000      2.24300     98.49700
2002 07 04    185.00000     -1.60500      6.99800      5.39300      2.03300     14.79600      0.14300      0.00000      0.00000    315.92100     85.42900     19.15900      0.56900    369.26100      0.28200      7.72000      8.30000      1.81100     98.97600
2002 07 05    186.00000     -0.96600      6.61400      5.64900      1.80500     16.64000      0.93900      0.87800      0.87800    329.92300    102.94600     18.49800          NaN    375.90000      0.28800     11.76000     13.30000      2.38200     98.44800
2002 07 06    187.00000     -1.11900      7.25500      6.13600      2.66600     22.71500      1.00000      1.00000      1.00000    374.08100    106.68000     15.22600          NaN    369.63800      0.31200      2.02000      0.30000          NaN     98.95400
2002 07 07    188.00000      0.45100      5.49700      5.94800      1.35100     -2.50800      1.00000      1.00000      1.00000    185.39100     29.75100     15.23400          NaN    366.79900      0.30300      5.88000      5.50000          NaN     99.33800
2002 07 08    189.00000     -3.58600      9.64800      6.06200      3.15100     32.16200      0.61200      0.57100      0.57100    479.44100    135.99100     17.45700      0.80000    368.22800      0.30500      1.22000      1.30000      1.29000     99.36700
2002 07 09    190.00000     -4.36700     10.42300      6.05600      3.18400     26.92300      0.42900      0.36700      0.36700    472.02500    135.85500     20.63900      0.88300    371.04100      0.29500      0.00000      0.00000      1.71200     99.87300
2002 07 10    191.00000     -2.79500      9.09000      6.29500      3.95000     48.58000      0.44900      0.32700      0.32700    619.64500    173.06900     23.62100      1.32000    369.26300      0.28400      0.00000      0.00000      1.41700    100.18700
2002 07 11    192.00000     -3.39300      9.89400      6.50100      3.90200     32.51700      0.40800      0.38800      0.38800    521.29900    137.25400     25.15000      1.23900    369.84100      0.27900      0.00000      0.00000      1.40500     99.90600
2002 07 12    193.00000     -1.66200      8.27900      6.61700      2.40200     23.44000      0.42900      0.36700      0.36700    368.15700     88.28300     21.23700      0.76200    376.46800      0.27300      0.00000      0.00000      1.52300     99.75800
2002 07 13    194.00000     -2.21500      8.60000      6.38500      3.24900     39.52600      0.38800      0.36700      0.36700    612.21300    158.94200     20.91700      1.24300    369.74800      0.26700      0.00000      0.00000      1.38400    100.15700
2002 07 14    195.00000     -1.97200      8.32700      6.35500      2.43500     41.33700      0.49000      0.49000      0.49000    526.24300    136.65400     20.65000      0.92900    369.70700      0.25700      0.00000      0.00000      1.06300    100.31300
2002 07 15    196.00000     -1.60300      8.09500      6.49200      2.56900     40.78900      0.42900      0.38800      0.38800    567.76200    151.40500     20.97600      0.96300    366.87400      0.25300      0.00000      0.00000      1.19200    100.04300
2002 07 16    197.00000     -1.55300      7.98700      6.43400      2.74800     41.50300      0.46900      0.40800      0.40800    537.38600    134.19100     21.69000      1.22300    368.27900      0.24500      0.00000      0.00000      1.02300     99.78900
2002 07 17    198.00000     -1.80200      8.24300      6.44100      3.21900     50.58700      0.51000      0.38800      0.38800    614.03800    168.46900     22.27900      1.38000    365.63300      0.23700      0.00000      0.00000      0.56500     99.75100
2002 07 18    199.00000     -3.13000      9.65200      6.52200      3.77700     37.75600      0.53100      0.42900      0.42900    516.75300    151.21200     23.35000      1.36900    366.52700      0.22700      0.00000      0.00000      0.85300     99.77100
2002 07 19    200.00000      0.32100      6.38800      6.70900      1.47000      1.50600      0.81600      0.59200      0.59200    222.25000     44.22700     22.05600      0.66000    369.00500      0.21700      0.60000      8.20000      0.61100     99.75900
2002 07 20    201.00000      3.56400      3.04900      6.61300      0.62000      0.90000      0.36700      0.26500      0.26500    112.78500     25.88200     20.81100      0.12200    379.43700      0.22900     13.36000      5.70000      1.11400     99.03500
2002 07 21    202.00000      1.36800      5.51200      6.88000      1.02000      4.34800      0.44900      0.42900      0.42900    171.49300     22.56100     21.27900      0.28600    374.57700      0.23700      0.00000      0.10000      0.94500     98.83800
2002 07 22    203.00000     -0.87900      7.77300      6.89300      2.12900     18.12100      0.46900      0.42900      0.42900    336.46600     82.71400     21.30200      0.43900    369.51100      0.23700      1.81000      4.20000      1.15900     98.43100
2002 07 23    204.00000     -0.16200      6.99000      6.82800      1.88700     23.40200      0.38800      0.36700      0.36700    299.61300     86.94100     19.56500      0.25700    376.56200      0.24200     12.55000     10.80000      1.43400     97.96500
2002 07 24    205.00000     -2.81700      9.74600      6.92900      2.72700     25.57800      0.14300      0.08200      0.08200    406.74400     63.93100     19.88900      0.45700    365.22500      0.24700      2.63000      0.40000      1.89800     97.96800
2002 07 25    206.00000     -1.75500      8.44300      6.68800      2.05300     12.55600      0.42900      0.30600      0.30600    305.28700     85.16900     19.48100      0.51800    369.48000      0.24900      0.00000      0.10000      1.03700     98.17000
2002 07 26    207.00000     -2.69100      9.49100      6.80000      2.79100     26.89000      0.46900      0.44900      0.44900    358.32000    111.25100     19.74700      0.52900    373.84600      0.23700      0.40000      0.90000      1.15200     98.30300
2002 07 27    208.00000     -2.06100      8.88500      6.82400      3.17000     26.92700      0.38800      0.24500      0.24500    454.03300    102.51100     20.40400      0.78000    368.38100      0.23400      0.20000      0.00000      1.37400     99.45900
2002 07 28    209.00000     -3.35500      9.89400      6.54000      3.52000     44.63300      0.30600      0.26500      0.26500    566.83500    162.35100     20.40500      0.87000    367.00300      0.22600      0.00000      0.00000      1.51500    100.44400
2002 07 29    210.00000     -2.92800      9.53200      6.60500      3.31100     37.52900      0.20400      0.16300      0.16300    519.21200    147.38200     22.94700      0.93000    366.17600      0.21900      0.00000      0.00000      1.68300    100.38600
2002 07 30    211.00000     -0.60200      7.61200      7.01100      2.51800     23.94100      0.46900      0.44900      0.44900    452.71900    127.55300     23.94400      0.95500    375.33000      0.21300      0.00000      0.00000      1.03000    100.45700
2002 07 31    212.00000     -2.18100      9.22900      7.04800      2.88600     26.54500      0.44900      0.44900      0.44900    410.74000    112.40200     23.91900      0.94200    367.25900      0.20500      0.00000      0.00000      0.88100    100.09500
2002 08 01    213.00000      2.30300      4.86200      7.16500      0.92300      0.20900      0.75500      0.46900      0.46900    179.39900     46.34100     22.35700      0.34000    376.46500      0.20800     16.23000     11.10000      0.64700     99.66100
2002 08 02    214.00000     -0.35600      7.33800      6.98200      2.48800     20.47400      0.42900      0.40800      0.40800    410.28800     66.39600     19.53500      0.71000    369.06500      0.24000      0.00000      0.00000      1.59100     99.78200
2002 08 03    215.00000     -1.43100      7.89800      6.46700      2.82900     40.02400      0.49000      0.46900      0.46900    538.07900    140.13400     18.46800      0.97000    364.96200      0.23300      0.00000      1.40000      0.92000     99.86800
2002 08 04    216.00000     -1.50800      7.84500      6.33700      2.17800     25.81300      0.46900      0.36700      0.36700    410.51400     86.21200     16.47000      0.61700    364.99700      0.22100      1.41000      0.00000      1.17300     99.86200
2002 08 05    217.00000     -2.46900      8.47400      6.00500      2.29000     50.06700      0.40800      0.40800      0.40800    524.43400    140.63300     15.08400      0.64500    363.63000      0.22500      0.00000      0.00000      1.03800    100.12400
2002 08 06    218.00000     -1.73300      7.76900      6.03600      1.67000     22.60800      0.55100      0.38800      0.38800    292.17700     71.71300     16.47900      0.53500    359.49300      0.21600      0.00000      0.00000      0.57800     99.95800
2002 08 07    219.00000     -2.47300      8.57500      6.10200      2.29800     32.61200      0.55100      0.44900      0.44900    424.62700    112.43400     17.80400      0.69600    361.75200      0.20500      0.00000      0.00000      0.69800     99.66700
2002 08 08    220.00000     -1.32500      7.49000      6.16500      2.14500     43.13600      0.53100      0.51000      0.51000    479.04000    137.06500     19.73100      0.80000    363.36800      0.19900      0.00000      0.00000      0.83700     99.54500
2002 08 09    221.00000     -1.54700      7.98400      6.43700      2.29600     34.49800      0.57100      0.49000      0.49000    408.75100    111.45100     21.79600      0.83200    364.15200      0.18900      0.20000      0.80000      0.69600     99.53000
2002 08 10    222.00000     -2.11000      8.79100      6.68100      3.33000     22.90700      0.59200      0.42900      0.42900    452.30300    117.23200     22.40600      1.04000    364.24900      0.18400      0.41000      0.00000      0.85400     99.47400
2002 08 11    223.00000     -3.00800      9.59900      6.59100      3.11000     27.28200      0.46900      0.44900      0.44900    457.00900    111.55200     21.71400      1.09700    362.29700      0.17200      0.00000      0.00000      1.31200     99.08700
2002 08 12    224.00000     -1.70300      8.23000      6.52700      2.76400     39.66900      0.59200      0.46900      0.46900    450.81300    118.07200     22.00100      1.22700    359.00000      0.17100      0.00000      0.00000      0.55200     99.03800
2002 08 13    225.00000     -1.59400      8.20700      6.61400      2.76000     26.76900      0.57100      0.51000      0.51000    389.78500    102.63700     24.13500      1.45500    364.73200      0.17000          NaN      0.00000      0.85400     99.06800
2002 08 14    226.00000      0.24700      6.64200      6.88900      1.31000     11.39700      0.57100      0.38800      0.38800    238.58900     63.83600     22.63300      0.66300    373.98000      0.16800      5.07000      5.70000      0.87700     99.29200
2002 08 15    227.00000      0.09500      6.85700      6.95200      1.42000     15.37900      0.46900      0.40800      0.40800    314.09600     79.70800     22.23300      0.70200    373.37600      0.16700      1.22000      1.40000      1.00400     99.61300
2002 08 16    228.00000     -1.18500      7.81000      6.62500      1.77200     38.01900      0.51000      0.49000      0.49000    467.26500     97.55100     18.69300      0.77100    367.90700      0.16600      0.00000      0.00000      1.46300    100.03800
2002 08 17    229.00000     -1.50400      7.76300      6.25900      1.64700     48.25200      0.44900      0.44900      0.44900    423.24600    103.31800     17.21900      0.63200    364.14200      0.16400      0.00000      0.00000      0.85700    100.36000
2002 08 18    230.00000     -2.14600      8.26000      6.11400      2.07700     34.25500      0.59200      0.42900      0.42900    436.66600    108.76900     19.12600      0.94300    364.44200      0.16300      0.41000      0.00000      0.93500    100.31000
2002 08 19    231.00000     -1.38900      7.60500      6.21600      2.02600     29.54300      0.28600      0.20400      0.20400    451.69000     99.49900     22.74200      0.92000    364.74200      0.16000          NaN      0.00000      1.79200    100.19500
2002 08 20    232.00000     -0.53200      7.02000      6.48800      1.91800     28.36200      0.44900      0.36700      0.36700    415.78200     90.02700     23.33600      1.20300    365.04100      0.15700      0.00000      0.00000      1.12300    100.03900
2002 08 21    233.00000     -0.37700      7.01500      6.63900      1.27800     33.89500      0.61200      0.51000      0.51000    346.03000     76.28900     22.33500      1.00400    364.67600      0.15400          NaN      0.00000      0.68000     99.98100
2002 08 22    234.00000     -0.59800      7.07900      6.48000      1.52400     45.71700      0.55100      0.46900      0.46900    429.81200    100.00700     20.94400      1.00800    364.31000      0.15200          NaN      0.00000      0.67000    100.04100
2002 08 23    235.00000     -0.38400      6.69900      6.31500      1.29200     41.73700      0.57100      0.51000      0.51000    401.36200     88.34100     19.97900      0.93100    363.94300      0.14700          NaN      0.00000      0.79200    100.10000
2002 08 24    236.00000      0.04300      6.30700      6.34900      1.32300     37.21200      0.61200      0.46900      0.46900    346.45200     78.94300     22.01600      1.17400    363.57600      0.15000          NaN      0.00000      0.45100    100.15900
2002 08 25    237.00000      0.13100      6.31600      6.44700      1.77900     47.07800      0.59200      0.49000      0.49000    409.62000     99.41900     22.04600      1.23200    363.21000      0.14800          NaN      0.00000      0.79200    100.21800
2002 08 26    238.00000     -0.78200      7.12600      6.34400      1.50500     36.19800      0.57100      0.55100      0.55100    345.68400     76.84000     20.45100      0.84900    362.84300      0.14700          NaN      0.00000      0.87100    100.24600
2002 08 27    239.00000     -0.24600      6.55800      6.31200      1.39400     41.32100      0.59200      0.49000      0.49000    346.87800     79.17900     19.43500      0.83700    363.44600      0.14500      0.00000      0.00000      0.76900     99.85900
2002 08 28    240.00000      0.10900      6.16000      6.27000      1.02500     18.29800      0.46900      0.40800      0.40800    285.91800     64.94300     19.15000      0.42000    368.09100      0.14900     22.32000     24.00000      1.42100     99.16000
2002 08 29    241.00000     -0.37300      6.59900      6.22600      1.91400     21.36500      0.46900      0.36700      0.36700    379.76500     87.85800     17.07500      0.63600    365.09400      0.20000      0.00000      0.00000      0.90100     99.35800
2002 08 30    242.00000      1.83900      4.02500      5.86400      0.87000     -8.75500      0.24500      0.10200      0.10200    150.84100      7.66000     18.05400      0.29500    371.14300      0.19300      5.07000      5.80000      1.86700     98.61000
2002 08 31    243.00000      2.10900      4.23000      6.33900      0.99900     -5.21500      0.38800      0.30600      0.30600    183.63000     32.98900     18.74900      0.25800    371.18600      0.19000     10.95000     10.10000      1.55400     98.30100
2002 09 01    244.00000      0.56300      5.64400      6.20700      1.21300      9.95900      0.20400      0.20400      0.20400    289.27500     49.90400     16.10200      0.37300    364.19000      0.19900      0.82000      0.80000      1.95200     98.87100
2002 09 02    245.00000     -0.96700      6.61800      5.65100      1.52000      3.78400      0.30600      0.28600      0.28600    293.84100     48.23600     14.89300      0.58600    366.49900      0.20000          NaN      0.00000      1.72300    100.23900
2002 09 03    246.00000      0.09000      5.69000      5.78000      1.94800      9.41500      0.22400      0.16300      0.16300    374.43400     74.15700     18.83600      0.79700    365.23000      0.19400      0.00000      0.00000      1.93700    100.13900
2002 09 04    247.00000     -0.09800      5.52700      5.42900      1.65200     23.90300      0.65300      0.57100      0.57100    308.73000     69.02900     15.31100      0.56900    369.85900      0.18800      0.00000      0.00000      0.68200    100.28000
2002 09 05    248.00000      0.06400      5.15300      5.21700      1.45900      1.36700      0.34700      0.28600      0.28600    242.21800     41.66900     18.22100      0.63700    371.02400      0.18600          NaN      0.00000      1.37300     99.52200
2002 09 06    249.00000     -0.82900      6.17700      5.34800      1.92400     16.53800      0.32700      0.20400      0.20400    302.17700     55.80800     18.96700      0.71000    370.55300      0.18400      0.00000      0.00000      1.76100     98.76900
2002 09 07    250.00000     -0.33700      5.61700      5.28000      1.80100     20.41300      0.36700      0.28600      0.28600    322.57100     71.64600     19.20100      0.67800    369.86000      0.18000      0.00000      0.00000      1.56400     99.12600
2002 09 08    251.00000      0.37000      4.85100      5.22100      1.07500     15.84600      0.59200      0.40800      0.40800    209.17000     47.14700     18.87300      0.44700    373.63900      0.17600      0.00000      0.00000      1.12900     99.84700
2002 09 09    252.00000      0.41700      4.49100      4.90800      0.89400     19.28200      0.51000      0.34700      0.34700    232.90300     59.16900     17.83700      0.34300    377.76400      0.17600      0.00000      0.00000      1.02300    100.04200
2002 09 10    253.00000     -0.11200      4.86900      4.75700      1.26000     24.96000      0.57100      0.44900      0.44900    348.48500     44.87500     14.36000      0.53100    370.69900      0.18100      0.20000      0.00000      1.55000    100.12500
2002 09 11    254.00000     -0.53700      4.65000      4.11300      1.01400     32.44400      0.59200      0.57100      0.57100    339.34800     64.08900     11.17200      0.45900    367.24200      0.17400      0.00000      0.00000      0.87700    100.78200
2002 09 12    255.00000     -0.61300      4.53400      3.92100      1.15000     29.46000      0.65300      0.57100      0.57100    283.12500     62.47800     16.29600      0.41600    369.35800      0.16700      0.20000      0.00000      0.87000    100.43300
2002 09 13    256.00000     -0.07200      4.05700      3.98500      0.75100      0.82000      0.44900      0.30600      0.30600    205.44700     34.37200     14.87200      0.30000    373.50600      0.16700      1.42000      1.40000      1.32700     99.44000
2002 09 14    257.00000      0.87800      2.64100      3.51900      0.43600    -11.66100      0.06100      0.06100      0.06100    101.67700     -1.26100     11.30800      0.17300    367.82900      0.16600      3.45000      4.40000      2.25400     98.76100
2002 09 15    258.00000      0.24900      3.00200      3.25100      0.60000      4.66500      0.28600      0.24500      0.24500    142.09900     27.34900      7.94700      0.24900    363.96300      0.17300      0.20000      0.20000      1.80400     99.34700
2002 09 16    259.00000     -1.02000      4.24500      3.22500      0.87600     18.60700      0.55100      0.51000      0.51000    202.98700     52.11100      8.24800      0.25900    366.75300      0.16400      0.00000      2.00000      0.89200     98.84000
2002 09 17    260.00000      0.36800      2.94600      3.31400      0.76900      7.38700      0.36700      0.30600      0.30600    166.32200     37.77900     11.81800      0.20300    367.85000      0.16400      4.04000      3.00000      1.17900     98.08400
2002 09 18    261.00000      0.04300      2.89300      2.93600      0.78300      8.19500      0.12200      0.08200      0.08200    211.18000     18.24600      9.37900      0.24000    366.08100      0.16400      1.20000      0.10000      1.88300     98.03600
2002 09 19    262.00000     -0.46200      3.10600      2.64400      0.73300     17.01800      0.46900      0.42900      0.42900    267.07700     24.96300      5.41100      0.27600    366.45200      0.16400          NaN      0.00000      1.44400     98.98500
2002 09 20    263.00000     -0.52500      2.85700      2.33300      0.61300     25.34200      0.65300      0.61200      0.61200    245.61200     32.03500      3.02700      0.26400    366.60500      0.15500      0.00000      0.00000      0.67300     99.51500
2002 09 21    264.00000     -0.38000      2.58300      2.20300      0.47100     19.23200      0.67300      0.65300      0.65300    192.44500     27.12100      3.17400      0.25700    368.91300      0.16100      0.00000      0.00000      0.68000     99.54000
2002 09 22    265.00000     -0.13100      2.31300      2.18200      0.46900     19.73200      0.61200      0.53100      0.53100    228.86400     32.66200      4.33300      0.29600    369.22700      0.15900      0.00000      0.00000      1.11300     99.68000
2002 09 23    266.00000      0.11500      2.07300      2.18800      0.29700      3.81100      0.59200      0.51000      0.51000    107.82400      0.34200      4.21700      0.14500    365.97000      0.15500          NaN      0.50000      0.99300     99.55200
2002 09 24    267.00000      1.05800      1.23500      2.29400      0.05500      2.88000      0.18400      0.20400      0.20400     58.35200     -9.37300      6.64000      0.07200    368.34300      0.16200          NaN      2.60000      1.56600     98.55200
2002 09 25    268.00000     -0.54300      2.90500      2.36100      0.64300      0.35700      0.36700      0.20400      0.20400    181.38300      7.92100      6.34900      0.23600    366.04000      0.15400      0.00000      0.00000      1.72700     98.29600
2002 09 26    269.00000      0.13100      2.31400      2.44500      0.38100      7.18300      0.63300      0.61200      0.61200    121.91300      6.69400      4.29000      0.11600    369.53700      0.14800      0.00000      0.30000      0.90300     99.01700
2002 09 27    270.00000      0.46300      2.10800      2.57100      0.32700     22.66100      0.59200      0.59200      0.59200    126.04000     22.57700      4.31300      0.15200    373.35100      0.14500      0.20000      0.00000      0.74100     99.80400
2002 09 28    271.00000     -0.58500      3.31800      2.73300      0.65900     17.53900      0.34700      0.32700      0.32700    206.29800     38.77800      7.84800      0.29900    369.93900      0.15300      0.00000      0.00000      1.47200     99.43400
2002 09 29    272.00000     -0.09700      2.86600      2.76900      0.55600    -12.95000      0.26500      0.12200      0.12200    162.30000     -3.35100     10.92300      0.32400    368.74300      0.15400      0.00000      0.00000      1.73900     99.04100
2002 09 30    273.00000      0.29300      2.21700      2.51000      0.27600      1.64000      0.38800      0.34700      0.34700     96.36800     11.90600      9.04500      0.13600    370.47200      0.16300      2.42000      1.90000      1.45200     99.01700
2002 10 01    274.00000     -0.17400      2.36700      2.19300      0.48400    -11.45500      0.24500      0.20400      0.20400    124.11900      2.76200      5.28500      0.20800    366.31700      0.16500      0.40000      0.30000      1.99500     99.51400
2002 10 02    275.00000     -0.32200      2.16600      1.84400      0.29300     -9.50400      0.40800      0.28600      0.28600    132.02000     -0.77700      5.17000      0.18300    367.74800      0.15000      0.00000      0.00000      1.43100     99.49100
2002 10 03    276.00000     -0.25700      1.87600      1.61900      0.37900     -8.48700      0.30600      0.20400      0.20400    160.69600    -12.22100      3.40500      0.26800    366.49000      0.15100      0.00000      0.00000      1.77400     99.33600
2002 10 04    277.00000      0.03800      1.44200      1.48000      0.20200     -0.34100      0.69400      0.63300      0.63300    130.13000      1.97800      2.06800      0.17700    368.27300      0.15200      0.00000      0.30000      0.92000     99.36300
2002 10 05    278.00000      0.08000      1.25800      1.33800      0.28000      8.76200      0.59200      0.42900      0.42900    159.91300     18.80200      2.33900      0.17100    369.46900      0.15400      0.00000      0.00000      1.16000     99.46200
2002 10 06    279.00000      0.31400      0.89000      1.20400      0.16500      7.10900      0.26500      0.08200      0.08200     64.67800      3.93300      1.82300      0.12000    370.02700      0.15300      0.00000      0.80000      1.31700     99.82600
2002 10 07    280.00000      0.20500      1.03600      1.24100      0.16300      2.91900      0.67300      0.57100      0.42900     83.41100     14.75900      2.87000      0.09900    373.82300      0.15000      0.40000      0.00000      1.08100    100.22900
2002 10 08    281.00000      0.09000      1.21400      1.30400      0.27100      7.72100      0.42900      0.40800      0.06100    156.08400     14.95400      3.00000      0.20600    370.72400      0.13900      0.00000      0.00000      1.65800    100.19900
2002 10 09    282.00000      0.07000      1.14600      1.21600      0.19100     -3.62100      0.32700      0.14300      0.14300    124.37800    -14.99800      0.95300      0.15800    371.25300      0.14200      0.00000      0.00000      1.88700    100.03600
2002 10 10    283.00000      0.62000      0.64900      1.27000      0.22600     -0.16400      0.02000      0.02000      0.02000     42.20500     -1.62700      1.70600      0.23700    370.19400      0.15500      0.00000      0.00000      1.70900    100.33500
2002 10 11    284.00000      0.41000      0.79700      1.20700      0.10100      2.69100      0.63300      0.53100      0.53100     50.40500      3.42000      2.24100      0.17100    372.58600      0.14100      0.00000      0.00000      0.98000    100.90800
2002 10 12    285.00000      0.35400      0.85900      1.21300      0.13100      1.10800      0.73500      0.59200      0.59200     66.95500      8.66600      3.34000      0.18400    371.78800      0.15200      0.00000      0.00000      0.83500    101.32600
2002 10 13    286.00000      0.27400      0.94600      1.22100      0.14800     -1.81400      0.57100      0.42900      0.42900     63.94100     -1.10500      3.31700      0.11800    368.87400      0.16300      0.00000      0.20000      1.02000    101.51000
2002 10 14    287.00000      0.01700      1.16000      1.17700      0.20300     -2.21300      0.26500      0.08200      0.08200     85.66600      3.61000      3.07100      0.17000    370.22400      0.14600      0.20000      0.00000      1.68000    101.09800
2002 10 15    288.00000      0.28500      0.85100      1.13500      0.16300     18.25000      0.14300      0.06100      0.06100     69.55200     11.14700      0.63500      0.16000    373.47800      0.13300      0.00000      0.00000      1.67400     99.86900
2002 10 16    289.00000      0.28800      0.80700      1.09500      0.10300      6.26900      0.46900      0.51000      0.51000     50.20900      4.43200      1.04800      0.13600    375.92100      0.13700      0.00000      0.00000      0.93700     98.41000
2002 10 17    290.00000      0.34800      0.66200      1.01000      0.07500     -2.34200      0.63300      0.40800      0.40800     43.11100    -10.61300     -0.26500      0.10500    371.45500      0.14100      0.00000      0.30000      1.13600     98.08400
2002 10 18    291.00000      0.58100      0.39100      0.97200      0.09100     -2.24000      0.69400      0.55100      0.55100     85.84100    -30.86400     -3.59400      0.10200    369.91200      0.14900      0.00000      0.00000      1.27000     98.24000
2002 10 19    292.00000      0.43400      0.47000      0.90400      0.14700      7.90800      0.75500      0.61200      0.61200    127.08900     -6.01000     -3.64800      0.18400    371.10500      0.13800      0.00000      0.00000      1.43200     98.64600
2002 10 20    293.00000      0.23600      0.71200      0.94800      0.10800      3.24600      0.69400      0.75500      0.42900    118.08600    -23.80400     -1.21600      0.21700    371.09800      0.14800      0.00000      0.00000      1.05500     99.14200
2002 10 21    294.00000      0.45000      0.51800      0.96800      0.11700     -2.22900      0.77600      0.67300      0.67300    120.63900    -17.15200     -3.49900      0.19100    371.93000      0.14800      0.00000      0.00000      0.40900     99.29900
2002 10 22    295.00000      0.59500      0.35900      0.95400      0.04300      1.96300      0.75500      0.61200      0.61200    124.70900    -12.94200     -4.51600      0.17300    372.79500      0.14800      0.00000      0.00000      0.41100     99.10700
2002 10 23    296.00000      0.68800      0.23300      0.92100     -0.04600    -10.83000      0.77600      0.69400      0.69400     66.71500    -12.15700     -5.15600      0.04400    374.17400      0.14500      0.00000      0.00000      1.63100     98.59400
2002 10 24    297.00000      0.65700      0.14900      0.80600      0.05700     -6.19600      0.04100      0.04100      0.04100     32.15400    -19.58900     -0.79500      0.05400    375.46800      0.15100      0.00000      5.50000      1.80700     97.79600
2002 10 25    298.00000      0.77700      0.27900      1.05700      0.05600    -11.23900      0.02000      0.00000      0.00000     40.05500      2.34100      4.88900      0.04900    374.95300      0.14500      0.80000      0.00000      1.82900     98.09100
2002 10 26    299.00000      0.99400      0.38800      1.38200      0.11400    -12.01900      0.00000      0.00000      0.00000     34.47300     -2.53900      4.62100      0.13100    373.52500      0.15000      0.00000      4.40000      3.02000     97.49900
2002 10 27    300.00000      0.88500      0.35100      1.23500      0.02000     -6.92500      0.40800      0.32700      0.32700     33.22900      6.35900      3.72100      0.02000    377.11200      0.15000          NaN      0.80000      1.29300     96.78200
2002 10 28    301.00000      0.74200      0.37500      1.11700      0.05300     -1.43000      0.53100      0.36700      0.36700     27.71100      7.60100      4.49000      0.02400    378.45800      0.16200      0.20000      0.10000      1.02300     97.29400
2002 10 29    302.00000      0.53100      0.61700      1.14700      0.12600     -8.68100      0.24500      0.10200      0.10200     60.98600      1.09100      3.63200      0.08300    373.18800      0.16900          NaN      0.60000      1.48400     97.88300
2002 10 30    303.00000      0.61800      0.38400      1.00100      0.11700      2.30500      0.24500      0.22400      0.22400     35.62600      6.13400      3.00000      0.09000    373.13700      0.16600      0.60000      0.00000      1.31600     98.33100
2002 10 31    304.00000      0.64000      0.34000      0.98100      0.08600     -1.82700      0.57100      0.59200      0.59200     91.22500    -24.05700     -0.32100      0.13000    374.47100      0.15900      0.00000      0.00000      0.92500     98.97100
2002 11 01    305.00000      0.75700      0.07400      0.83100      0.09300      8.65100      0.00000      0.00000      0.00000     33.01000     -5.56800     -0.50600      0.07100    375.85600      0.16300      0.00000      1.60000      2.08200     98.81900
2002 11 02    306.00000      0.50600      0.19000      0.69700      0.03800      4.95600      0.34700      0.34700      0.34700     41.95600     -4.66900     -1.43400      0.05600    376.55700      0.16700      0.00000      0.00000      1.41300     99.81000
2002 11 03    307.00000      0.76200     -0.06600      0.69600      0.03600      1.74100      0.95900      0.93900      0.93900     20.11400     -7.11400     -5.37300      0.03800    374.41800      0.16200      0.00000      0.00000      2.79500    100.09500
2002 11 04    308.00000      0.65200      0.11400      0.76600      0.02500      3.05800      0.63300      0.85700      0.85700     12.28800     -7.54100     -1.70200      0.04100    376.97900      0.16200      0.00000      0.50000      0.75200     99.69800
2002 11 05    309.00000      0.64700      0.17000      0.81700      0.06300      8.69800      0.51000      0.49000      0.49000     26.04600     -6.68900     -0.60100      0.05500    377.34800      0.16600      0.00000      0.00000      1.13700     99.83500
2002 11 06    310.00000      0.79200      0.24000      1.03200      0.07800    -14.25100      0.04100      0.00000      0.00000     32.99700     -1.71900      3.07600      0.07600    376.99100      0.17000      2.84000      2.60000      2.35700     99.02600
2002 11 07    311.00000      1.15100      0.04200      1.19300      0.07200    -19.51800      0.10200      0.08200      0.08200      6.93100      2.83600      4.68700      0.05900    377.12600      0.16300          NaN      1.30000      2.35700     98.46700
2002 11 08    312.00000      0.89300      0.17000      1.06300      0.04600     -4.27300      0.61200      0.55100      0.55100     12.69900     -5.10500      3.07900      0.03200    379.78100      0.17000      0.20000      0.50000      0.86700     98.54700
2002 11 09    313.00000      0.88900      0.04100      0.92900      0.07900     -1.19600      0.02000      0.04100      0.04100     17.31400     -4.52200     -0.10400      0.04200    377.74300      0.17600      0.00000      3.60000      1.95800     98.49700
2002 11 10    314.00000      0.83800      0.01000      0.84800      0.04600      0.20800      0.20400      0.18400      0.18400     33.25100    -25.09700     -3.79400      0.05200    380.35200      0.16400      0.00000      0.40000      1.78200     98.80700
2002 11 11    315.00000      0.61100      0.15200      0.76400      0.02700     13.98600      0.69400      0.65300      0.65300     33.00800     -6.59700     -6.05500      0.04700    381.26600      0.16000      0.00000      0.30000      1.04200     98.47100
2002 11 12    316.00000      0.49800      0.12000      0.61700      0.03100     18.66300      0.24500      0.18400      0.18400     41.95600     -4.67800     -5.45800      0.04200    380.19200      0.19100      0.00000      0.20000      1.88700     98.21400
2002 11 13    317.00000      0.51100      0.05500      0.56600      0.03800     -2.93500      0.51000      0.44900      0.44900     20.11400     -6.65300     -2.74300      0.04500    376.66000      0.16700      0.00000      0.30000      1.13600     97.83500
2002 11 14    318.00000      0.53000     -0.00100      0.53000     -0.00200     -1.84600      1.00000      1.00000      1.00000     12.28800     -7.59000     -2.30500      0.03900    375.83400      0.16400      0.00000      0.00000      0.31300     98.13300
2002 11 15    319.00000      0.44900      0.00000      0.44900     -0.00100     -1.77500      0.63300      0.57100      0.57100     26.04600     -6.72200     -5.21900      0.04200    378.78100      0.16700      0.00000      0.00000      2.23900     98.67000
2002 11 16    320.00000      0.44700      0.03700      0.48400      0.00900      1.94000      0.24500      0.42900      0.42900     32.99700     -1.71000     -1.60300      0.05500    383.15000      0.16700      0.00000      0.00000      1.11800     98.75000
2002 11 17    321.00000      0.53200      0.01200      0.54300      0.02200     10.70100      0.06100      0.12200      0.12200      6.93100      2.79100      0.15400      0.04200    383.24700      0.16500      0.00000      0.00000      1.63000     98.38300
2002 11 18    322.00000      0.56100      0.01500      0.57600      0.03100     20.46400      0.51000      0.49000      0.49000     12.69900     -5.13500     -0.30500      0.02500    384.91600      0.16800      0.00000      7.60000      1.09300     98.32400
2002 11 19    323.00000      0.65600      0.03900      0.69500      0.01200      6.48400      0.00000      0.02000      0.02000     17.31400     -4.48500      1.52000      0.05100    385.07100      0.16700      0.00000      7.30000      1.71300     98.80300
2002 11 20    324.00000      0.68900      0.03700      0.72600      0.01100    -12.65200      0.00000      0.00000      0.00000     33.25100    -25.08100      1.28800      0.07500    380.24400      0.16900      0.00000     14.50000      2.78900     98.88200
2002 11 21    325.00000          NaN          NaN      0.66000          NaN     -0.89200      0.10400      0.04200      0.04200     38.22000    -20.31100     -1.82800      0.06700    378.64700      0.16700          NaN      0.20000      2.35600     99.08700
2002 11 22    326.00000          NaN          NaN          NaN          NaN          NaN          NaN          NaN          NaN     12.88600          NaN     -5.95900          NaN    380.39300          NaN          NaN      0.10000          NaN     99.77000
2002 11 23    327.00000          NaN          NaN          NaN          NaN          NaN          NaN          NaN          NaN      7.00500          NaN     -4.31400          NaN    380.66100          NaN          NaN      0.20000          NaN    100.38500
2002 11 24    328.00000          NaN          NaN          NaN          NaN          NaN          NaN          NaN          NaN      5.57100          NaN     -4.26500          NaN    380.92800          NaN          NaN      0.00000          NaN    100.47800
2002 11 25    329.00000          NaN          NaN          NaN          NaN          NaN          NaN          NaN          NaN      4.88400          NaN     -2.23400          NaN    381.19600          NaN          NaN      4.10000          NaN     99.96100
2002 11 26    330.00000          NaN          NaN          NaN          NaN          NaN          NaN          NaN          NaN      4.31300          NaN      0.03300          NaN    381.46200          NaN          NaN     10.30000          NaN     98.99300
2002 11 27    331.00000          NaN          NaN          NaN          NaN          NaN          NaN          NaN          NaN      7.83500          NaN     -1.68900          NaN    381.72900          NaN          NaN      0.00000          NaN     98.58800
2002 11 28    332.00000          NaN          NaN          NaN          NaN          NaN          NaN          NaN          NaN     22.84200          NaN     -8.34000          NaN    379.32400          NaN          NaN      0.20000          NaN    100.41100
2002 11 29    333.00000          NaN          NaN          NaN          NaN          NaN          NaN          NaN          NaN     23.70000          NaN    -17.79600          NaN    378.35400          NaN          NaN      0.00000          NaN    101.93100
2002 11 30    334.00000          NaN          NaN          NaN          NaN          NaN          NaN          NaN          NaN     17.45900          NaN    -14.37500          NaN    378.54200          NaN          NaN      0.00000          NaN    102.38800
2002 12 01    335.00000          NaN          NaN          NaN          NaN          NaN          NaN          NaN          NaN     21.56000          NaN    -11.51300          NaN    380.10700          NaN          NaN      0.70000          NaN    101.38400
2002 12 02    336.00000          NaN          NaN          NaN          NaN          NaN          NaN          NaN          NaN      4.41400          NaN     -7.95600          NaN    380.66000          NaN          NaN      0.50000          NaN    100.04700
2002 12 03    337.00000          NaN          NaN          NaN          NaN          NaN          NaN          NaN          NaN      8.45500          NaN     -6.44800          NaN    384.19900          NaN          NaN      0.00000          NaN    100.62600
2002 12 04    338.00000          NaN          NaN          NaN          NaN          NaN          NaN          NaN          NaN      8.14700          NaN     -8.02000          NaN    387.65800          NaN          NaN      0.00000          NaN    101.19700
2002 12 05    339.00000          NaN          NaN          NaN          NaN          NaN          NaN          NaN          NaN     20.01200          NaN    -12.07100          NaN    385.73700          NaN          NaN      0.20000          NaN    101.96700
2002 12 06    340.00000          NaN          NaN          NaN          NaN          NaN          NaN          NaN          NaN     16.68700          NaN    -13.86200          NaN    388.46500          NaN          NaN      0.10000          NaN    102.87900
2002 12 07    341.00000          NaN          NaN          NaN          NaN          NaN          NaN          NaN          NaN     18.45200          NaN    -16.38400          NaN    385.05100          NaN          NaN      0.10000          NaN    102.95400
2002 12 08    342.00000          NaN          NaN          NaN          NaN          NaN          NaN          NaN          NaN      4.72400          NaN    -11.46300          NaN    383.46600          NaN          NaN      0.70000          NaN    102.26500
2002 12 09    343.00000          NaN          NaN          NaN          NaN          NaN          NaN          NaN          NaN      7.08400          NaN     -8.53100          NaN    383.48600          NaN          NaN      0.10000          NaN    101.38500
2002 12 10    344.00000          NaN          NaN          NaN          NaN          NaN          NaN          NaN          NaN     11.57000          NaN     -7.72900          NaN    383.26400          NaN          NaN      0.00000          NaN    100.87100
2002 12 11    345.00000          NaN          NaN          NaN          NaN          NaN          NaN          NaN          NaN      9.52300          NaN     -2.68100          NaN    378.10400          NaN          NaN      0.10000          NaN     99.84600
2002 12 12    346.00000          NaN          NaN          NaN          NaN          NaN          NaN          NaN          NaN      8.86100          NaN     -1.65200          NaN    377.98600          NaN          NaN      0.00000          NaN     99.65500
2002 12 13    347.00000          NaN          NaN          NaN          NaN          NaN          NaN          NaN          NaN      9.91700          NaN     -4.04500          NaN    382.10400          NaN          NaN      0.00000          NaN    100.82200
2002 12 14    348.00000          NaN          NaN          NaN          NaN          NaN          NaN          NaN          NaN      4.50500          NaN     -2.46100          NaN    379.26100          NaN          NaN      0.00000          NaN    101.06800
2002 12 15    349.00000          NaN          NaN          NaN          NaN          NaN          NaN          NaN          NaN      5.72500          NaN     -2.42000          NaN    380.62300          NaN          NaN      0.10000          NaN    101.08000
2002 12 16    350.00000          NaN          NaN          NaN          NaN          NaN          NaN          NaN          NaN      7.79400          NaN     -5.07500          NaN    379.74200          NaN          NaN      0.10000          NaN    100.94100
2002 12 17    351.00000          NaN          NaN          NaN          NaN          NaN          NaN          NaN          NaN      9.91500          NaN     -4.67200          NaN    378.47900          NaN          NaN      1.10000          NaN     99.43400
2002 12 18    352.00000          NaN          NaN          NaN          NaN          NaN          NaN          NaN          NaN     13.82200          NaN     -4.57200          NaN    377.21000          NaN          NaN      0.00000          NaN     98.79100
2002 12 19    353.00000          NaN          NaN          NaN          NaN          NaN          NaN          NaN          NaN      4.66800          NaN     -3.11300          NaN    377.05200          NaN          NaN      0.80000          NaN     98.74700
2002 12 20    354.00000          NaN          NaN          NaN          NaN          NaN          NaN          NaN          NaN      3.22600          NaN     -0.97600          NaN    378.31800          NaN          NaN      3.50000          NaN     97.04800
2002 12 21    355.00000          NaN          NaN          NaN          NaN          NaN          NaN          NaN          NaN     14.92500          NaN     -7.10300          NaN    378.44300          NaN          NaN      0.90000          NaN     97.41600
2002 12 22    356.00000          NaN          NaN          NaN          NaN          NaN          NaN          NaN          NaN     12.12700          NaN    -10.37400          NaN    379.47000          NaN          NaN      0.00000          NaN     99.02600
2002 12 23    357.00000          NaN          NaN          NaN          NaN          NaN          NaN          NaN          NaN     16.04100          NaN    -10.28900          NaN    377.40400          NaN          NaN      0.00000          NaN    100.01600
2002 12 24    358.00000          NaN          NaN          NaN          NaN          NaN          NaN          NaN          NaN     19.36700          NaN    -13.66200          NaN    377.63300          NaN          NaN      0.00000          NaN    100.69900
2002 12 25    359.00000          NaN          NaN          NaN          NaN          NaN          NaN          NaN          NaN      4.11400          NaN    -11.24000          NaN    380.80700          NaN          NaN      0.50000          NaN    100.10600
2002 12 26    360.00000          NaN          NaN          NaN          NaN          NaN          NaN          NaN          NaN      5.31800          NaN     -6.46000          NaN    381.64500          NaN          NaN      0.30000          NaN     99.32700
2002 12 27    361.00000          NaN          NaN          NaN          NaN          NaN          NaN          NaN          NaN      6.27900          NaN    -10.89900          NaN    377.72700          NaN          NaN      0.40000          NaN     99.40400
2002 12 28    362.00000          NaN          NaN          NaN          NaN          NaN          NaN          NaN          NaN      4.88400          NaN    -14.27000          NaN    380.33900          NaN          NaN      1.60000          NaN     99.40500
2002 12 29    363.00000          NaN          NaN          NaN          NaN          NaN          NaN          NaN          NaN     10.10900          NaN    -17.73100          NaN    382.28800          NaN          NaN      0.00000          NaN     98.68500
2002 12 30    364.00000          NaN          NaN          NaN          NaN          NaN          NaN          NaN          NaN     14.84400          NaN    -26.34700          NaN    382.19400          NaN          NaN      0.00000          NaN     98.36700
2002 12 31    365.00000          NaN          NaN          NaN          NaN          NaN          NaN          NaN          NaN     14.94700          NaN    -26.04500          NaN    381.74200          NaN          NaN      0.00000          NaN     98.44400